- graph 1 is UNSAT for k = 3

- graph 1 is SAT for k = 4
	
	s SATISFIABLE
	v 
	-1 -2 -3 4 				1 = 4
	-5 -6 7 -8 				2 = 3
	-9 10 -11 -12 			3 = 2
	-13 -14 15 -16 			4 = 3
	17 -18 -19 -20 			5 = 1
	-21 22 -23 -24 			6 = 2
	25 -26 -27 -28 			7 = 1
	0
	
		
- graph 2 requires at least 8 colors

	s SATISFIABLE
	v 
	-1 -2 -3 -4 -5 6 -7 -8 							1 = 6
	-9 -10 11 -12 -13 -14 -15 -16 					2 = 3
	-17 -18 -19 -20 21 -22 -23 -24 					3 = 5
	-25 26 -27 -28 -29 -30 -31 -32 					4 = 2
	-33 34 -35 -36 -37 -38 -39 -40 					5 = 2
	-41 -42 -43 -44 -45 -46 47 -48 					6 = 7
	-49 -50 -51 -52 -53 54 -55 -56 					7 = 6
	-57 58 -59 -60 -61 -62 -63 -64 					8 = 2
	65 -66 -67 -68 -69 -70 -71 -72 					9 = 1
	-73 -74 -75 -76 -77 78 -79 -80 					10 = 6
	-81 -82 -83 -84 -85 -86 -87 88 					11 = 8
	-89 -90 -91 -92 -93 -94 95 -96 					12 = 7
	-97 -98 -99 100 -101 -102 -103 -104 			13 = 4
	105 -106 -107 -108 -109 -110 -111 -112 			14 = 1
	113 -114 -115 -116 -117 -118 -119 -120 			15 = 1
	-121 122 -123 -124 -125 -126 -127 -128 			16 = 2
	-129 -130 -131 132 -133 -134 -135 -136 			17 = 4
	-137 -138 139 -140 -141 -142 -143 -144 			18 = 3
	-145 -146 -147 -148 -149 150 -151 -152 			19 = 6
	-153 154 -155 -156 -157 -158 -159 -160 			20 = 2
	161 -162 -163 -164 -165 -166 -167 -168 			21 = 1
	-169 -170 -171 -172 173 -174 -175 -176 			22 = 5
	-177 -178 -179 180 -181 -182 -183 -184 			23 = 4
	-185 -186 -187 -188 -189 -190 191 -192 			24 = 7
	-193 -194 -195 -196 -197 -198 -199 200 			25 = 8
	-201 202 -203 -204 -205 -206 -207 -208 			26 = 2
	-209 -210 -211 -212 -213 -214 -215 216 			27 = 8
	-217 -218 -219 -220 221 -222 -223 -224 			28 = 5
	-225 -226 -227 -228 -229 -230 -231 232 			29 = 8
	-233 -234 -235 -236 237 -238 -239 -240 			30 = 5
	-241 -242 -243 -244 -245 -246 -247 248 			31 = 8
	-249 -250 -251 -252 -253 -254 255 -256 			32 = 7
	-257 -258 259 -260 -261 -262 -263 -264 			33 = 3
	-265 266 -267 -268 -269 -270 -271 -272 			34 = 2
	-273 274 -275 -276 -277 -278 -279 -280 			35 = 2
	-281 -282 -283 -284 285 -286 -287 -288 			36 = 5
	-289 -290 291 -292 -293 -294 -295 -296 			37 = 3
	-297 -298 -299 -300 -301 302 -303 -304 			38 = 6
	-305 -306 -307 -308 -309 -310 -311 312 			39 = 8
	-313 -314 -315 -316 -317 -318 -319 320 			40 = 8
	-321 322 -323 -324 -325 -326 -327 -328 			41 = 2
	329 -330 -331 -332 -333 -334 -335 -336 			42 = 1
	-337 -338 339 -340 -341 -342 -343 -344 			43 = 3
	-345 346 -347 -348 -349 -350 -351 -352 			44 = 2
	-353 -354 -355 -356 357 -358 -359 -360 			45 = 5
	-361 -362 -363 -364 -365 -366 367 -368 			46 = 7
	-369 -370 371 -372 -373 -374 -375 -376 			47 = 3
	377 -378 -379 -380 -381 -382 -383 -384 			48 = 1
	-385 -386 -387 388 -389 -390 -391 -392 			49 = 4
	-393 -394 -395 -396 -397 398 -399 -400 			50 = 6
	0